201
55
26
31
26
25
22
107
115
43
47
36
23
0
21
55
11
6
39
21
63
9
145
16
134
79
33
28
167
58
39
152
80
586
47
520
82
27
9
83
72
33
103
161
38
49
955
30
141
105
109
22
130
80
60
55
5
21
36
43
35
175
8
95
66
87
44
21
34
32
9
9
9
14
22
6
9
22
17
930
39
338
753
39
10
10
6
8
25
18
26
10
116
738
18
209
56
41
12
5
13
41
59
28
1090
62
412
25
37
21
7
48
895
1040
0
24
15
41
19
5
18
41
166
0
183
15
25
332
168
191
205
247
340
116
238
75
70
74
818
246
352
665
404
75
157
189
180
124
95
65
124
28
177
169
10
5
16
5
61
10
7
7
36
15
13
93
24
15
48
12
78
246
9
4
13
6
116
12
7
10
10
12
13
13
16
10
11
12
15
10
16
14
18
14
13
15
20
12
16
15
18
13
12
12
15
82
63
89
8
43
112
4
82
1658
327
34
19
9
83
5
22
64
4
12
93
417
31
14
13
189
70
5
56
200
9
18
27
14
10
6
4
13
122
42
74
7
77
13
14
25
68
130
123
156
220
18
9
276
45
41
38
78
35
99
69
41
1891
15
290
82
12
87
9
10
50
4
46
7
833
120
153
184
183
507
11
10
370
0
49
136
5
0
409
106
498
142
112
12
15
15
111
59
67
56
992
66
168
321
51
70
387
34
166
69
22
34
64
6
27
12
16
1010
30
182
203
2288
14
11
8
18
6
14
6
1038
11
4
46
247
14
69
141
6
5
234
19
62
4
13
143
22
57
281
742
261
449
105
37
33
935
179
536
123
104
395
113
1335
36
201
289
11
191
26
790
40
507
770
434
126
1857
292
5
1741
42
237
44
53
145
375
235
282
573
2544
160
1332
96
2196
283
155
270
462
338
1048
282
200
457
110
441
240
141
83
109
61
169
256
700
261
183
0
1198
402
78
87
958
1005
246
68
1438
191
244
960
269
174
93
114
101
126
53
57
390
914
122
216
115
240
91
303
140
66
194
956
962
250
2452
693
599
1469
134
1560
88
1115
128
75
14
15
1209
249
940
48
736
82
1440
2159
3937
107
31
185
63
991
869
1152
862
388
40
57
136
9
19
552
462
10
72
165
240
898
53
32
11
136
32
63
367
344
120
1010
1261
61
189
821
65
464
82
453
29
34
1305
379
27
297
393
52
1233
603
107
1251
33
969
304
2444
794
1075
639
1572
1546
118
435
254
194
1040
1467
575
45
35
191
234
171
86
105
748
1125
30
240
105
152
522
186
1204
2102
1054
809
55
221
166
245
1020
274
31
229
225
774
1723
309
160
3877
358
387
89
32
0
380
409
407
151
190
138
480
83
143
125
110
6
82
27
72
85
48
684
703
204
9
19
21
229
104
187
85
33
36
296
206
78
130
81
260
61
324
1643
379
308
134
152
172
212
35
170
83
719
1577
147
175
104
325
1101
369
768
1601
379
98
1898
759
503
162
60
43
484
48
46
56
95
147
108
403
73
149
43
87
19
84
46
28
52
17
25
272
34
637
39
33
200
41
200
1238
75
53
25
86
27
106
27
22
15
5
20
9
24
42
93
1252
45
11
162
24
36
10
219
9
192
206
81
229
160
115
141
31
179
73
21
15
869
79
64
31
111
22
67
203
16
16
44
14
47
10
13
0
0
0
0
0
0
0
0
0
0
0
0
244
42
11
6
16
26
26
0
0
6
11
10
23
6
341
542
4
14
63
19
123
13
36
16
85
55
200
12
15
16
36
28
295
41
6
6
145
12
24
100
20
11
13
96
25
12
12
59
110
25
63
15
84
32
382
80
88
67
308
10
41
188
20
41
53
8
177
9
141
141
10
47
89
15
42
160
4
69
228
34
73
106
27
42
9
18
20
97
7
12
422
62
5
74
30
33
33
90
132
151
10
131
14
57
206
36
20
37
200
405
38
13
254
35
10
94
4
13
29
21
9
15
10
13
16
13
7
30
7
11
6
198
5
29
198
4
11
14
10
55
6
19
13
59
8
48
4
18
16
14
7
24
6
15
13
57
12
11
17
35
98
10
12
13
13
14
341
456
6
41
109
7
29
36
7
8
7
7
78
5
6
6
7
8
6
12
10
10
13
15
11
16
11
8
274
12
13
5
7
14
57
22
18
7
11
216
80
37
11
124
74
6
8
9
74
18
16
73
16
7
12
25
17
53
8
17
57
6
18
24
13
15
286
59
43
56
53
94
45
27
55
33
5
85
78
179
24
14
10
12
4
15
17
14
12
133
18
16
4
4
11
25
6
15
6
13
13
6
11
8
35
17
19
35
14
34
8
14
7
102
133
118
38
181
158
205
199
211
128
33
59
516
200
173
194
77
84
175
17
57
236
285
91
75
222
526
86
75
156
258
96
32
240
503
25
55
181
68
362
122
230
0
0
7
12
6
7
16
0
9
0
51
51
50
235
27
72
115
18
90
22
58
271
78
40
36
19
188
55
132
245
140
29
44
84
35
112
45
85
44
225
66
117
54
6
53
174
5
106
102
44
27
65
5
80
54
21
26
75
996
147
41
84
38
12
142
11
26
24
136
106
120
180
162
108
54
70
90
120
109
81
102
91
137
53
120
50
48
50
106
57
90
93
85
100
108
94
75
64
60
74
56
50
53
50
56
48
50
57
77
51
60
52
56
59
50
52
53
47
52
50
51
54
55
49
62
54
53
51
56
50
113
52
54
51
49
50
50
